true total 677 cal
pre total 656.766845703125 cal
0,0.0
1,110.84954833984375 Correct
2,221.2062530517578 Correct
3,0.0
4,0.0
5,0.0
6,0.0
7,74.68887329101562 Correct
8,0.0
9,0.17910921573638916
10,0.0
11,0.0
12,0.0
13,0.0
14,0.0
15,97.7427749633789 Correct
16,0.0
17,0.0
18,0.0
19,0.0
20,0.0
21,0.0
22,0.0
23,0.0
24,0.0
25,0.0
26,0.0
27,0.0
28,0.0
29,0.0
30,152.10025024414062 Correct
31,0.0
32,0.0
33,0.0
34,0.0
35,0.0
36,0.0
37,0.0
38,0.0
39,0.0
40,0.0
41,0.0
42,0.0
43,0.0
44,0.0
45,0.0
46,0.0
47,0.0
48,0.0
49,0.0
50,0.0
51,0.0
52,0.0
53,0.0
54,0.0
55,0.0
56,0.0
57,0.0
58,0.0
59,0.0