true total 645 cal
pre total 676.2225341796875 cal
0,0.0 Correct
1,102.7972412109375 Correct
2,228.53765869140625 Correct
3,0.0
4,0.0
5,0.0
6,0.0
7,28.52692222595215
8,0.0
9,17.211729049682617
10,0.0
11,0.0
12,0.0
13,0.0
14,0.0
15,63.53728103637695 Correct
16,0.0
17,0.0
18,0.0
19,0.0
20,0.0
21,0.0
22,0.0
23,0.0
24,0.0
25,0.0
26,0.0
27,0.0
28,0.0
29,0.0
30,168.35552978515625 Correct
31,0.0
32,0.0
33,0.0
34,0.0
35,0.0
36,0.0
37,0.0
38,0.0
39,0.0
40,67.25613403320312 Correct
41,0.0
42,0.0
43,0.0
44,0.0
45,0.0
46,0.0
47,0.0
48,0.0
49,0.0
50,0.0
51,0.0
52,0.0
53,0.0
54,0.0
55,0.0
56,0.0
57,0.0
58,0.0
59,0.0