true total 629 cal
pre total 617.3634643554688 cal
0,0.0
1,77.7806396484375 Correct
2,243.77041625976562 Correct
3,0.0
4,0.0
5,0.0
6,0.0
7,62.301429748535156 Correct
8,0.0
9,0.0
10,0.0
11,0.0
12,0.0
13,0.0
14,0.0
15,0.0
16,0.0
17,0.0
18,0.0
19,0.0
20,0.0
21,0.0
22,0.0
23,0.0
24,0.0
25,0.0
26,0.0
27,0.0
28,0.0
29,0.0
30,156.72052001953125 Correct
31,0.0
32,0.0
33,0.0
34,0.0
35,0.0
36,0.0
37,0.0
38,0.0
39,0.0
40,12.542966842651367
41,0.0
42,0.0
43,0.0
44,0.0
45,0.0
46,0.0
47,0.0
48,0.0
49,0.0
50,0.0
51,0.0
52,0.0
53,64.24749755859375 Correct
54,0.0
55,0.0
56,0.0
57,0.0
58,0.0
59,0.0